100
1
19
23
77
10111
11100
1111
10011
999900
999990
901234
1110
2000
10999
11010
110
989999
31
999999
10
999
11101
1998
998999
21
111
999000
2
11000
12
1100
131072
2101
12000
11110
10101
2001
999991
1000
345678
10000
20
99000
11011
1001
999901
10100
99
12001
2100
901
899999
99001
91
1101
999998
11111
990000
200
567890
90
102
987654
10010
777
900001
2200
100000
777777
11
456789
201
999899
1099
9999
199
900
32
1999
10110
990001
2201
19
11001
32768
101
999989
30
101001
100001
9
2002
100
1000000
999001
900000
22
101000
10001
29
