100
1
19
23
100000
20
999900
10011
2101
999999
989999
201
90
2000
998999
91
100
999901
100001
110
11111
12000
999989
1000
987654
654321
4
11010
101001
1100
999991
900001
10000
30
99
11001
512
1099
876543
9
101000
12001
9999
2002
11000
1998
11110
900000
999998
999990
111
901
10999
2200
2100
10110
990000
1024
10
999001
10101
234567
10111
1110
11011
32
21
1000000
128
999899
101
22
999
11
11101
12
19
1101
10001
77777
31
1001
1111
777777
99001
200
99000
11100
1999
2001
10100
899999
543210
29
2201
990001
199
900
999000
102
10010
