50
3
1 2 3
2 3 5
3 5 6
2 3 4
1 2 3
3
3 4 5
1 2 3
2 3 4
1 2 3
3 4 5
8
8 10 11 13 14 17 19 20
10 11 12 15 17 20 22 23
12 13 15 16 19 22 24 25
7 9 10 11 13 16 18 19
8 10 11 13 14 18 19 20
5 6 7 10 11 12 15 17
3 5 6 9 10 12 14 15
9 12 14 16 18 20 22 24
4 5 6 9 10 11 13 14
7 9 10 11 13 15 16 19
5 6 7 10 11 14 16 18
11 15 18 19 20 23 25 26
13 14 17 19 20 24 25 26
2 3 5 7 8 10 12 13
10 14 16 18 19 22 24 25
2
22 222
2 22
2 22
4
43 67 90 92
39 47 72 76
69 76 92 125
56 72 90 110
45 47 67 82
68 82 110 125
24 39 43 68
10
16 19 22 25 27 28 29 31 32 33
14 18 20 24 27 31 37 40 42 46
18 24 25 26 29 33 41 43 46 51
5 8 10 12 13 15 17 18 21 24
8 12 14 17 20 25 26 29 31 32
24 26 29 31 36 37 41 42 45 46
7 9 13 14 17 18 19 20 23 25
10 12 16 17 19 20 22 24 25 26
15 21 23 25 28 32 39 42 45 49
13 14 17 20 21 22 23 27 28 29
12 17 19 22 23 29 36 39 41 43
11 15 18 20 22 28 33 35 37 40
5 8 9 12 14 19 20 23 26 27
21 23 25 29 33 35 39 40 42 43
2 5 6 8 10 11 12 14 15 18
25 27 31 32 38 40 43 46 49 51
10 13 17 19 21 27 30 33 36 38
19 20 23 26 30 33 36 37 39 41
6 10 13 16 17 22 23 25 29 31
7
9 11 13 14 17 19 21
7 9 11 13 15 16 18
2 3 4 5 7 9 10
10 12 13 18 21 23 24
5 7 9 13 14 17 18
2 4 5 7 9 11 13
4 5 6 7 8 11 12
9 11 12 16 19 21 23
11 12 15 17 19 21 23
13 15 17 18 21 23 24
7 8 11 15 17 19 21
3 5 6 9 11 12 15
5 6 8 9 11 12 13
10
3 11 18 19 20 21 22 23 24 51
8 16 23 29 34 38 41 43 44 60
2 10 11 12 13 14 15 16 17 49
47 48 50 53 55 57 58 60 63 64
6 14 21 27 32 36 37 38 39 56
9 17 24 30 35 39 42 44 45 63
46 49 51 52 54 56 59 61 62 64
4 12 19 25 26 27 28 29 30 53
1 2 3 4 5 6 7 8 9 46
4 12 19 25 26 27 28 29 30 52
1 2 3 4 5 6 7 8 9 47
6 14 21 27 32 36 37 38 39 57
8 16 23 29 34 38 41 43 44 61
7 15 22 28 33 37 40 41 42 59
7 15 22 28 33 37 40 41 42 58
2 10 11 12 13 14 15 16 17 48
5 13 20 26 31 32 33 34 35 55
3 11 18 19 20 21 22 23 24 50
9 17 24 30 35 39 42 44 45 62
2
4 8
2 4
6 8
10
8 11 13 14 17 18 22 24 25 26
5 7 9 10 14 15 18 20 22 24
2 4 6 8 10 11 12 13 14 16
14 17 19 21 22 24 28 30 33 35
13 15 17 19 21 23 27 29 31 33
14 20 22 24 25 28 30 31 33 35
2 4 5 6 8 9 11 13 14 16
16 18 20 22 23 26 30 32 35 36
11 14 16 17 20 21 25 27 30 32
4 6 7 9 12 14 16 18 20 21
6 7 9 11 13 14 16 17 19 20
11 14 15 16 18 20 21 23 24 26
16 21 24 25 26 30 32 33 35 36
13 18 20 21 24 26 27 29 30 32
9 13 14 16 18 20 23 26 28 30
6 9 11 13 15 16 20 21 24 25
10 12 14 15 17 18 20 21 22 23
4 6 7 9 11 13 14 15 17 18
8 9 10 13 14 16 17 19 21 22
2
2 4
6 8
2 6
10
10 13 18 21 23 27 32 35 36 37
28 33 34 36 43 46 50 53 59 63
16 20 28 32 33 34 40 45 46 50
8 11 14 19 22 24 28 29 30 32
17 23 29 35 37 40 42 49 51 53
21 27 30 36 39 42 44 53 57 59
21 24 26 28 31 37 40 42 44 47
26 29 33 34 40 43 46 51 57 61
14 18 21 25 28 29 33 37 39 43
7 15 19 21 25 26 28 32 34 36
9 18 22 23 28 30 31 36 40 43
4 8 11 15 18 19 20 23 27 31
1 2 6 7 9 12 16 17 21 22
1 4 8 10 14 18 21 25 26 28
2 8 11 13 18 19 24 27 29 33
18 19 25 26 30 33 34 40 42 45
22 31 32 37 43 45 47 57 61 63
25 27 31 32 36 41 45 49 53 57
6 11 14 18 21 25 26 31 33 34
6
7 10 13 14 16 18
6 9 10 12 13 14
4 7 9 10 11 12
6 9 11 13 14 17
2 4 5 6 7 9
5 7 9 10 11 13
7 10 11 13 14 16
9 11 12 15 17 18
5 8 10 12 13 15
3 5 7 9 10 11
4 5 7 8 9 10
4
3 4 5 6
2 3 4 5
4 5 6 7
4 5 6 7
2 3 4 5
1 2 3 4
1 2 3 4
2
3 5
2 3
3 5
3
3 4 5
3 4 5
2 3 4
2 3 4
1 2 3
10
14 23 26 32 35 38 42 47 53 55
6 10 15 18 19 24 28 31 33 37
6 9 10 13 14 17 21 23 24 27
4 9 13 17 18 22 25 29 32 36
2 6 10 11 12 13 16 19 20 23
18 24 28 33 38 39 46 48 56 59
16 25 28 29 32 38 40 42 46 48
7 13 17 19 23 26 29 32 34 39
10 13 15 17 18 20 23 26 28 29
10 14 18 22 27 31 32 33 37 42
21 27 29 34 41 44 48 51 60 63
11 17 18 19 22 25 28 32 33 34
12 18 19 23 27 30 34 35 38 41
2 4 6 7 10 12 13 14 18 21
12 17 20 25 30 34 38 41 45 48
20 32 33 34 37 45 49 53 56 60
23 36 37 39 42 48 50 55 59 63
13 21 23 28 34 37 40 43 49 50
13 22 24 26 31 34 37 38 39 44
4
13 14 15 16
9 10 11 12
1 5 9 13
4 8 12 16
1 2 3 4
3 7 11 15
5 6 7 8
4
5 7 9 12
2 5 7 10
3 6 9 13
6 8 12 14
1 2 5 6
6 10 13 14
1 2 3 6
8
18 27 30 36 40 43 49 54
12 13 17 22 23 26 30 36
15 20 24 26 30 31 36 38
4 12 13 20 23 24 25 26
16 23 26 30 32 34 40 43
9 13 17 24 26 30 32 37
7 12 13 18 22 25 27 32
21 25 32 39 42 45 49 51
19 24 30 35 37 41 43 48
13 22 23 30 32 37 42 48
21 32 36 38 43 48 51 59
2 7 12 15 16 19 21 22
2 4 9 11 13 14 18 21
22 26 37 44 48 52 54 59
14 25 26 31 34 41 45 52
7
36 37 38 39 40 41 42
7 14 21 28 35 42 49
1 2 3 4 5 6 7
5 12 19 26 33 40 47
6 13 20 27 34 41 48
15 16 17 18 19 20 21
3 10 17 24 31 38 45
2 9 16 23 30 37 44
4 11 18 25 32 39 46
29 30 31 32 33 34 35
22 23 24 25 26 27 28
1 8 15 22 29 36 43
43 44 45 46 47 48 49
4
5 8 10 12
5 12 16 17
6 10 13 16
4 10 13 16
2 3 4 5
2 5 6 7
7 12 16 17
5
1 2 4 6 8
4 9 11 12 15
3 6 9 10 11
6 7 11 13 15
2 6 7 11 12
1 3 6 8 9
8 11 15 17 19
6 10 13 16 17
9 12 15 17 19
9
17 18 23 28 31 34 35 41 45
4 5 6 8 10 12 15 16 17
24 28 31 34 37 41 44 51 54
15 25 30 32 33 35 41 42 44
4 6 10 11 14 17 19 20 24
6 10 12 16 19 21 25 26 28
6 12 14 15 20 23 25 26 31
5 10 11 14 17 18 22 23 28
14 17 20 27 28 30 33 38 41
8 16 19 23 27 28 29 32 34
10 11 14 19 22 26 30 31 35
12 21 26 28 30 34 37 38 41
10 19 22 24 28 31 32 33 37
17 28 35 39 41 45 48 49 54
11 14 15 23 24 28 32 36 39
16 26 31 36 38 41 45 48 51
20 23 26 32 33 38 42 48 49
3
3 7 8
8 15 18
7 11 15
10 13 18
7 11 13
5
3 4 6 7 9
2 3 5 6 8
2 3 5 7 8
6 7 10 11 13
5 6 8 10 12
5 6 8 10 11
8 10 11 13 14
3 4 6 8 10
8 9 12 13 14
2
2 4
4 8
2 6
3
2 4 5
5 7 8
4 5 7
6 7 8
2 4 6
9
10 12 19 21 23 28 32 33 35
7 11 15 17 22 25 29 30 33
14 20 22 23 26 31 35 39 42
24 27 31 35 42 45 49 51 53
4 5 7 11 14 15 18 20 21
16 17 24 27 31 35 37 39 40
5 9 13 16 20 22 24 28 31
4 5 7 10 13 16 19 20 24
7 13 15 19 21 24 26 28 31
20 23 28 32 39 43 47 50 51
19 21 26 28 35 39 42 43 45
21 31 33 35 38 40 45 51 53
20 28 30 33 37 39 43 50 51
15 22 25 28 30 35 39 43 45
13 16 21 25 26 30 33 37 38
18 24 29 32 33 37 42 47 49
5 9 11 12 16 17 21 23 27
10
61 62 63 64 65 66 67 68 69 70
3 13 23 33 43 53 63 73 83 93
2 12 22 32 42 52 62 72 82 92
21 22 23 24 25 26 27 28 29 30
11 12 13 14 15 16 17 18 19 20
10 20 30 40 50 60 70 80 90 100
51 52 53 54 55 56 57 58 59 60
4 14 24 34 44 54 64 74 84 94
41 42 43 44 45 46 47 48 49 50
5 15 25 35 45 55 65 75 85 95
8 18 28 38 48 58 68 78 88 98
31 32 33 34 35 36 37 38 39 40
91 92 93 94 95 96 97 98 99 100
1 11 21 31 41 51 61 71 81 91
81 82 83 84 85 86 87 88 89 90
7 17 27 37 47 57 67 77 87 97
6 16 26 36 46 56 66 76 86 96
1 2 3 4 5 6 7 8 9 10
71 72 73 74 75 76 77 78 79 80
7
3 4 5 6 7 8 9
3 4 5 6 7 8 9
4 5 6 7 8 9 10
7 8 9 10 11 12 13
2 3 4 5 6 7 8
6 7 8 9 10 11 12
5 6 7 8 9 10 11
6 7 8 9 10 11 12
2 3 4 5 6 7 8
7 8 9 10 11 12 13
1 2 3 4 5 6 7
5 6 7 8 9 10 11
1 2 3 4 5 6 7
10
115 126 157 192 210 222 236 273 280 312
63 118 152 161 172 213 231 236 250 277
11 44 51 53 92 108 111 126 145 146
68 92 107 129 140 160 172 185 218 230
52 111 136 141 160 200 202 222 247 264
16 61 74 80 107 126 135 157 169 193
107 141 198 220 230 259 299 312 329 345
9 11 16 31 38 52 63 81 104 107
81 135 174 184 185 229 254 273 297 320
122 145 169 201 221 247 250 297 319 329
38 98 110 118 140 175 201 210 221 242
137 146 193 209 242 264 277 320 334 345
31 78 92 114 129 153 176 192 201 209
98 111 135 176 201 202 231 254 278 299
33 44 61 78 98 111 118 135 137 141
47 51 74 92 110 136 152 174 186 198
9 33 47 49 68 90 98 115 122 137
49 53 80 114 118 141 161 184 210 220
104 137 186 210 218 254 278 280 319 334
7
13 18 21 22 24 26 27
5 8 10 13 15 16 17
14 19 22 25 28 30 32
10 13 14 17 19 20 23
11 15 17 19 20 24 28
2 5 7 10 12 13 14
12 16 18 20 23 26 30
8 13 14 17 19 22 25
3 8 10 13 15 18 19
7 10 13 14 17 18 19
2 3 6 8 11 12 14
6 10 13 14 16 21 22
14 17 19 23 26 27 32
9
21 22 25 28 33 34 39 44 47
18 21 23 27 31 32 37 41 44
16 18 27 28 32 34 35 42 46
11 15 18 22 24 27 29 32 36
31 34 37 39 41 46 48 53 57
8 11 18 19 23 25 29 33 37
24 25 29 32 34 35 42 47 48
28 30 33 37 40 42 43 50 54
22 31 36 37 44 47 48 54 57
11 14 22 25 27 28 32 37 39
20 24 29 33 37 39 42 43 48
12 15 24 27 31 33 34 40 41
4 7 8 11 12 16 20 21 22
7 10 15 17 21 22 25 30 34
15 17 19 25 27 28 33 35 37
21 27 32 35 41 44 47 50 53
4 8 11 15 18 21 24 28 31
2
3 5
1 2
1 3
2
22 222
2 22
22 222
5
11 18 22 23 30
13 15 19 22 23
2 6 9 13 16
6 8 11 15 18
9 13 17 20 22
16 17 23 26 30
2 5 6 9 11
5 8 13 15 17
6 11 17 19 23
3
9 10 13
7 9 13
6 8 9
3 6 9
4 8 10
10
2 3 4 5 6 7 8 9 10 11
6 7 8 9 10 11 12 13 14 15
9 10 11 12 13 14 15 16 17 18
10 11 12 13 14 15 16 17 18 19
4 5 6 7 8 9 10 11 12 13
6 7 8 9 10 11 12 13 14 15
8 9 10 11 12 13 14 15 16 17
7 8 9 10 11 12 13 14 15 16
8 9 10 11 12 13 14 15 16 17
1 2 3 4 5 6 7 8 9 10
5 6 7 8 9 10 11 12 13 14
3 4 5 6 7 8 9 10 11 12
10 11 12 13 14 15 16 17 18 19
3 4 5 6 7 8 9 10 11 12
1 2 3 4 5 6 7 8 9 10
7 8 9 10 11 12 13 14 15 16
2 3 4 5 6 7 8 9 10 11
5 6 7 8 9 10 11 12 13 14
9 10 11 12 13 14 15 16 17 18
4
2 4 5 9
3 5 6 11
7 9 11 13
1 2 3 8
1 2 3 7
2 4 5 10
3 5 6 12
10
13 15 17 20 23 25 27 29 30 31
16 17 21 24 26 28 30 32 33 35
5 8 9 10 12 15 16 17 19 21
15 19 22 23 24 27 28 31 33 35
11 13 15 17 19 20 21 23 25 27
11 13 17 19 20 21 24 27 29 30
2 3 5 7 9 10 11 13 14 15
10 12 15 17 19 20 22 25 27 28
12 14 16 18 21 22 24 25 26 28
7 9 10 11 13 17 18 20 22 24
13 15 18 20 22 23 25 29 30 32
6 8 9 10 13 15 17 18 20 22
9 11 13 14 15 19 21 23 25 26
2 4 6 8 10 11 12 13 15 16
3 6 8 9 11 13 14 15 16 17
14 17 20 22 23 25 26 30 31 33
4 6 8 9 11 12 13 15 17 19
15 16 19 22 25 27 29 30 31 33
8 9 10 11 14 17 19 20 22 23
2
2 7
7 11
2 7
9
18 30 32 35 39 44 45 52 54
21 32 36 41 43 49 53 57 58
14 22 27 29 31 34 39 44 45
9 16 19 27 28 32 36 37 43
12 19 24 29 32 35 41 42 45
27 38 43 45 49 55 61 66 71
21 28 36 44 47 52 57 61 66
5 12 17 22 26 30 32 34 38
15 26 28 32 34 36 43 47 52
26 30 38 45 52 54 58 65 71
20 26 35 39 43 45 53 58 61
15 21 29 31 34 39 43 45 49
9 17 19 24 29 33 35 36 38
4 5 9 12 15 16 20 21 26
4 8 9 14 15 18 21 24 27
24 34 37 42 45 54 58 61 65
16 25 33 34 36 44 49 54 55
2
4 8
2 6
6 8
3
2 3 4
1 2 3
1 2 3
2 3 4
3 4 5
7
4 9 13 16 17 18 28
6 11 15 18 20 21 33
1 2 3 4 5 6 22
22 24 26 29 30 33 34
3 8 12 13 14 15 27
6 11 15 18 20 21 32
1 2 3 4 5 6 23
5 10 14 17 19 20 31
4 9 13 16 17 18 29
2 7 8 9 10 11 25
3 8 12 13 14 15 26
23 25 27 28 31 32 34
2 7 8 9 10 11 24
7
91 99 127 144 163 166 187
87 97 120 156 173 187 234
33 55 59 78 81 93 120
50 63 78 102 121 144 171
6 18 39 50 72 75 87
18 42 55 74 83 99 113
6 12 33 56 80 91 94
75 83 93 141 150 166 211
56 74 95 102 122 141 156
94 113 149 171 194 211 234
12 42 45 63 77 83 97
39 45 59 95 114 127 149
72 77 81 122 131 163 194
9
13 17 19 24 25 29 32 35 37
26 31 32 39 43 48 52 53 54
9 10 14 20 21 24 28 31 32
6 8 10 17 20 23 26 30 31
10 12 14 19 21 26 30 31 32
26 29 31 35 38 43 45 51 53
15 20 21 27 30 33 37 38 42
23 26 30 34 38 41 43 45 50
19 23 26 31 35 39 41 43 46
17 18 21 25 30 35 38 41 43
2 6 10 13 17 19 22 26 28
22 24 28 32 37 41 43 48 52
24 30 31 37 41 45 48 51 53
28 31 32 37 42 46 50 53 54
2 5 9 13 15 19 23 24 26
5 8 12 17 18 23 24 29 31
13 17 20 24 27 31 34 37 39
4
6 8 11 13
2 3 4 5
5 7 9 11
3 5 7 8
3 5 7 9
5 9 11 13
2 3 5 6
7
9 12 16 19 20 23 25
3 6 9 10 12 13 16
3 4 7 9 11 13 16
11 14 19 20 22 25 26
6 8 10 12 14 15 19
16 19 24 26 27 30 32
4 8 11 14 16 18 19
13 15 21 22 25 26 29
10 14 17 19 20 22 26
16 19 23 25 26 29 32
13 18 21 23 25 26 30
12 16 19 20 22 25 27
9 11 13 16 19 21 24
