50
3
1 2 3
2 3 5
3 5 6
2 3 4
1 2 3
3
4 6 8
3 6 7
6 7 10
4 8 10
2 3 4
10
20 23 25 29 40 41 44 49 55 58
5 8 11 15 16 19 24 28 29 34
16 24 28 32 37 40 45 49 51 55
24 31 35 36 43 44 51 55 59 60
14 16 19 27 32 34 36 40 47 51
21 24 26 33 45 48 51 54 60 63
29 37 42 47 50 55 60 65 69 70
9 15 18 24 28 30 35 38 42 46
5 8 9 14 15 20 21 26 28 31
8 10 15 16 18 23 24 31 36 38
11 16 18 19 21 25 26 33 37 42
15 21 24 27 28 29 33 37 40 44
34 41 46 51 53 58 63 67 71 76
15 18 21 28 37 40 43 44 50 53
8 10 16 21 24 28 31 35 37 41
19 28 30 34 40 41 48 54 55 58
26 31 33 37 49 54 55 59 65 67
28 36 37 40 51 55 59 63 69 71
31 38 42 44 55 58 60 65 70 76
9
11 17 21 24 26 30 31 36 37
2 5 8 10 14 16 19 20 22
8 12 15 17 21 25 27 31 32
1 3 6 9 12 13 14 15 17
12 14 15 18 19 21 24 26 28
6 8 10 11 13 15 18 21 24
1 2 3 4 7 8 10 11 14
14 20 24 27 28 31 33 38 39
7 11 13 14 19 23 26 28 29
17 22 23 26 29 32 36 37 39
10 14 18 20 24 28 29 33 36
3 6 10 12 15 18 20 21 23
13 16 18 20 23 25 28 30 31
9 10 12 13 14 17 20 24 27
15 20 21 24 28 31 33 36 38
4 9 11 13 18 20 23 24 26
14 19 20 23 26 27 29 31 33
9
15 16 21 25 27 29 30 37 41
7 8 11 12 15 18 19 23 30
11 13 17 19 21 25 29 33 34
17 21 23 26 29 33 37 41 45
22 23 33 37 41 43 45 47 48
26 30 34 41 45 47 50 54 57
29 34 36 39 44 45 46 48 57
11 12 19 25 26 31 33 37 39
3 7 11 15 17 19 23 26 29
8 11 17 21 23 28 31 34 36
12 15 21 27 29 34 37 41 44
19 24 28 31 34 37 39 43 47
26 30 34 37 41 42 45 47 54
4 8 13 16 21 24 27 30 34
23 27 31 33 37 39 41 45 50
16 18 25 29 33 37 39 42 45
3 4 8 11 12 16 18 22 26
3
4 7 9
1 3 4
3 5 6
4 6 9
1 2 4
10
48 75 93 117 120 124 165 167 183 197
25 26 43 61 69 88 104 105 111 133
105 147 153 167 177 203 217 238 257 282
97 155 159 213 235 241 256 282 285 311
133 179 183 197 226 249 258 267 291 311
71 84 114 119 138 141 174 177 201 226
43 69 79 93 114 136 138 148 150 159
61 70 85 117 119 138 161 186 205 213
75 98 136 138 147 164 190 203 208 249
69 71 89 120 138 147 173 190 219 235
25 40 45 48 71 75 77 85 88 97
40 53 69 70 71 96 125 147 164 179
88 142 150 205 219 225 238 257 276 291
45 61 79 85 89 108 150 153 172 183
26 53 61 75 84 98 113 138 142 155
111 164 172 183 201 208 230 250 276 285
77 113 138 161 173 174 198 217 230 258
104 125 150 165 174 190 198 232 238 256
85 138 148 186 190 211 232 238 250 267
5
3 8 9 15 17
1 4 8 11 13
10 14 15 18 19
1 3 7 10 12
4 8 9 14 17
11 15 17 18 21
13 17 18 19 23
12 17 18 21 23
8 9 13 15 18
3
3 4 5
1 2 3
2 3 4
1 2 3
2 3 4
8
16 20 23 27 30 34 38 41
6 7 11 14 15 16 19 23
13 15 18 22 25 26 32 34
11 12 15 19 21 24 29 30
4 6 7 11 12 15 16 17
3 5 6 8 11 13 14 16
11 13 16 23 24 26 28 31
8 12 15 20 21 25 27 29
7 9 14 17 19 22 25 26
14 16 20 25 27 28 35 38
5 8 11 14 15 18 20 23
5 6 8 9 12 13 17 20
14 17 19 26 29 32 35 38
16 17 23 26 29 31 38 41
8 11 14 17 20 23 26 27
4
8 11 14 17
1 4 5 8
1 3 5 7
3 6 8 11
5 8 11 14
4 6 7 10
7 10 14 17
2
5 7
6 7
3 5
10
4 12 19 25 26 27 28 29 30 53
46 48 51 53 54 57 59 61 63 64
4 12 19 25 26 27 28 29 30 52
9 17 24 30 35 39 42 44 45 63
47 49 50 52 55 56 58 60 62 64
8 16 23 29 34 38 41 43 44 61
7 15 22 28 33 37 40 41 42 59
3 11 18 19 20 21 22 23 24 50
2 10 11 12 13 14 15 16 17 49
7 15 22 28 33 37 40 41 42 58
9 17 24 30 35 39 42 44 45 62
1 2 3 4 5 6 7 8 9 47
2 10 11 12 13 14 15 16 17 48
5 13 20 26 31 32 33 34 35 55
6 14 21 27 32 36 37 38 39 57
3 11 18 19 20 21 22 23 24 51
1 2 3 4 5 6 7 8 9 46
8 16 23 29 34 38 41 43 44 60
6 14 21 27 32 36 37 38 39 56
10
7 10 11 14 16 17 19 20 22 24
1 2 4 5 7 8 10 12 13 14
9 10 13 14 17 18 21 22 24 26
15 16 19 20 24 27 29 30 31 34
2 5 6 7 9 10 11 14 15 16
3 5 6 8 10 11 13 14 16 17
8 9 12 13 16 17 19 21 22 23
12 14 17 18 20 23 25 26 28 29
13 16 19 21 22 24 27 28 30 31
12 14 17 18 21 22 25 26 28 30
8 11 12 16 17 18 21 23 25 27
10 11 15 16 19 21 23 25 27 28
10 13 15 17 19 21 23 25 26 29
4 6 8 10 12 13 15 17 18 19
1 3 4 6 8 9 10 12 13 15
6 7 10 12 14 16 17 18 21 22
13 15 18 19 22 25 26 28 30 32
14 17 20 22 23 26 28 29 32 34
4 6 8 9 11 12 15 17 19 20
4
3 5 7 8
6 9 10 12
1 3 5 6
2 5 7 9
4 8 9 12
1 2 3 4
3 7 8 10
10
5 15 25 35 45 55 65 75 85 95
4 14 24 34 44 54 64 74 84 94
51 52 53 54 55 56 57 58 59 60
3 13 23 33 43 53 63 73 83 93
2 12 22 32 42 52 62 72 82 92
21 22 23 24 25 26 27 28 29 30
7 17 27 37 47 57 67 77 87 97
31 32 33 34 35 36 37 38 39 40
81 82 83 84 85 86 87 88 89 90
1 11 21 31 41 51 61 71 81 91
6 16 26 36 46 56 66 76 86 96
10 20 30 40 50 60 70 80 90 100
1 2 3 4 5 6 7 8 9 10
91 92 93 94 95 96 97 98 99 100
8 18 28 38 48 58 68 78 88 98
71 72 73 74 75 76 77 78 79 80
9 19 29 39 49 59 69 79 89 99
41 42 43 44 45 46 47 48 49 50
11 12 13 14 15 16 17 18 19 20
4
2 3 7 8
10 14 15 17
7 10 12 15
7 11 12 16
8 11 16 17
3 9 11 14
2 5 7 10
7
21 23 44 52 53 70 92
44 47 58 67 84 95 148
21 42 47 56 71 79 102
56 65 67 106 127 131 146
53 82 97 127 148 152 180
23 45 56 65 79 81 126
70 96 109 131 163 175 204
71 79 84 131 148 163 168
47 56 58 88 97 109 119
52 67 88 106 131 140 158
79 81 95 140 152 175 198
102 126 148 158 180 204 220
42 45 47 67 82 96 100
7
7 10 11 13 14 15 16
2 4 6 8 10 12 14
2 4 6 7 8 9 12
4 6 8 10 11 12 14
8 12 14 15 16 17 18
5 7 10 12 13 15 17
6 8 9 12 13 14 15
10 12 14 15 16 18 21
10 14 15 17 19 20 21
1 2 4 5 7 8 10
1 2 4 6 7 8 10
4 6 8 9 11 14 15
8 9 12 14 15 17 20
2
6 8
2 6
2 4
6
11 20 24 27 32 36
8 17 19 23 28 29
5 7 9 13 17 20
14 20 24 28 29 36
1 2 5 6 8 11
7 9 13 17 19 24
6 13 17 21 25 28
12 16 17 25 28 32
2 7 9 15 16 20
5 9 13 16 17 24
1 5 7 11 12 14
7
6 11 15 18 20 21 33
5 10 14 17 19 20 31
2 7 8 9 10 11 25
2 7 8 9 10 11 24
23 25 26 29 31 33 34
6 11 15 18 20 21 32
5 10 14 17 19 20 30
1 2 3 4 5 6 23
4 9 13 16 17 18 29
3 8 12 13 14 15 27
22 24 27 28 30 32 34
4 9 13 16 17 18 28
1 2 3 4 5 6 22
8
15 19 22 24 31 32 35 41
9 16 18 23 25 28 31 34
18 20 24 27 34 36 37 43
8 14 17 20 21 23 24 27
10 13 14 20 23 26 29 31
2 4 5 8 9 10 13 16
11 15 18 21 25 27 32 35
7 11 13 17 18 22 24 25
13 21 24 29 32 34 35 37
12 16 19 23 28 31 34 38
4 8 11 13 15 16 19 20
2 5 7 10 11 12 15 18
5 11 13 14 18 19 22 24
16 23 25 31 35 38 41 43
10 19 22 26 27 31 32 36
3
3 4 5
3 4 5
1 2 3
2 3 4
1 2 3
4
2 4 5 10
8 10 11 13
3 5 6 12
1 2 3 8
2 4 5 9
3 5 6 11
7 9 12 13
8
19 26 29 35 38 44 45 49
2 3 4 6 9 12 14 15
12 16 23 34 37 40 44 48
4 9 18 22 25 28 29 32
9 13 22 30 31 33 38 41
15 22 28 32 33 40 43 45
2 6 10 11 13 15 19 20
13 18 25 28 31 37 39 40
3 7 14 17 18 22 26 27
15 20 28 38 40 45 49 54
14 18 26 37 39 43 45 52
10 14 18 21 22 23 26 28
11 17 22 26 30 34 37 38
6 7 9 10 13 16 18 20
20 27 32 38 41 48 52 54
7
6 13 20 27 34 41 48
5 12 19 26 33 40 47
8 9 10 11 12 13 14
2 9 16 23 30 37 44
43 44 45 46 47 48 49
7 14 21 28 35 42 49
3 10 17 24 31 38 45
36 37 38 39 40 41 42
1 8 15 22 29 36 43
15 16 17 18 19 20 21
29 30 31 32 33 34 35
4 11 18 25 32 39 46
1 2 3 4 5 6 7
6
11 15 17 22 27 31
7 10 13 17 22 23
11 18 20 23 29 31
10 11 16 19 25 29
5 6 7 10 11 15
2 5 7 9 10 11
10 15 18 22 25 27
6 7 11 15 18 20
2 5 6 7 10 11
9 14 15 17 19 22
5 6 10 14 15 18
4
2 6 10 14
3 7 11 15
1 5 9 13
4 8 12 16
1 2 3 4
5 6 7 8
13 14 15 16
2
3 4
3 6
4 9
7
13 17 18 23 26 27 31
2 5 7 8 10 11 13
11 15 17 21 24 26 27
8 12 14 17 19 21 24
8 11 14 17 19 21 23
7 9 11 14 16 17 21
4 6 9 12 13 15 17
10 12 16 19 20 22 26
10 13 15 19 20 24 26
13 18 21 24 26 28 31
11 15 17 21 22 26 28
2 4 7 8 10 11 13
7 9 11 14 15 17 18
2
2 4
6 8
4 8
2
22 222
2 22
2 22
10
17 22 25 27 30 33 36 40 43 46
15 19 23 25 28 30 33 37 38 40
4 7 10 12 15 17 19 22 25 26
16 19 24 27 29 31 33 36 37 39
10 15 18 21 23 25 29 30 32 36
20 26 29 32 35 38 39 44 46 48
17 21 26 28 30 34 37 40 43 44
2 4 6 9 12 15 16 17 19 21
8 12 14 16 17 23 27 28 29 34
6 10 11 14 18 21 23 25 26 29
6 10 11 14 15 21 24 26 28 31
19 25 26 28 32 34 37 43 44 47
2 4 6 8 10 13 15 17 19 20
13 17 21 22 24 26 31 34 35 38
4 7 10 12 13 18 19 21 23 26
9 12 14 16 21 22 25 27 28 32
21 26 31 34 36 38 40 46 47 48
15 18 21 23 25 26 30 33 34 38
19 23 28 29 32 35 38 43 44 46
3
2 3 4
2 3 4
1 2 3
3 4 5
3 4 5
7
2 3 6 8 9 11 12
5 6 8 11 14 15 16
2 3 4 6 8 10 11
1 2 3 5 6 8 10
4 6 7 8 9 12 13
9 12 15 16 19 20 23
8 11 13 15 17 19 21
8 10 12 13 18 19 20
7 9 12 14 16 18 19
6 8 9 12 16 17 19
3 4 7 10 12 13 15
10 11 13 15 19 21 23
6 8 10 11 12 13 15
10
7 8 9 10 11 12 13 14 15 16
5 6 7 8 9 10 11 12 13 14
7 8 9 10 11 12 13 14 15 16
1 2 3 4 5 6 7 8 9 10
6 7 8 9 10 11 12 13 14 15
1 2 3 4 5 6 7 8 9 10
3 4 5 6 7 8 9 10 11 12
6 7 8 9 10 11 12 13 14 15
8 9 10 11 12 13 14 15 16 17
8 9 10 11 12 13 14 15 16 17
9 10 11 12 13 14 15 16 17 18
10 11 12 13 14 15 16 17 18 19
5 6 7 8 9 10 11 12 13 14
10 11 12 13 14 15 16 17 18 19
3 4 5 6 7 8 9 10 11 12
2 3 4 5 6 7 8 9 10 11
9 10 11 12 13 14 15 16 17 18
4 5 6 7 8 9 10 11 12 13
2 3 4 5 6 7 8 9 10 11
2
2 4
4 5
2 4
2
6 10
2 6
2 5
10
3 7 8 9 12 15 18 21 24 27
19 23 26 33 35 36 39 43 47 51
16 19 22 27 30 32 35 39 43 46
6 8 11 15 17 18 19 22 25 26
22 24 28 29 32 37 40 43 45 47
5 7 10 12 14 15 18 19 21 23
25 27 30 32 33 38 42 46 49 51
14 15 20 21 23 25 30 32 34 36
6 10 11 14 17 20 23 25 28 30
2 5 6 8 11 14 17 19 22 25
17 18 23 25 28 30 31 35 38 39
13 18 19 24 27 30 31 36 40 42
8 12 15 17 18 21 25 28 29 32
8 9 14 17 18 21 24 27 30 33
9 14 17 18 19 23 28 31 32 33
17 21 25 30 31 34 38 41 45 49
11 12 17 18 19 23 27 30 31 35
19 21 25 28 31 34 36 39 41 43
2 3 6 8 9 10 13 16 17 19
2
2 22
22 222
22 222
4
23 54 69 89
63 74 97 114
48 66 82 107
22 31 35 45
35 69 82 97
31 54 66 74
45 89 107 114
4
1 2 3 4
4 5 6 7
4 5 6 7
2 3 4 5
3 4 5 6
2 3 4 5
3 4 5 6
2
6 8
4 8
2 6
3
9 13 16
7 11 16
6 8 11
2 6 9
5 8 13
3
4 5 6
3 5 7
2 3 5
6 7 9
5 6 9
2
2 6
2 4
4 8
10
4 6 8 9 12 13 14 16 18 21
10 11 13 15 18 19 21 22 23 24
6 8 9 11 12 13 15 18 19 20
2 4 6 7 8 9 10 11 14 15
15 17 18 19 23 26 28 30 32 34
4 5 8 10 11 12 14 16 18 19
1 2 4 6 8 10 12 13 15 17
12 13 14 17 20 21 23 24 25 27
9 10 14 15 18 21 23 25 28 29
8 10 12 14 16 17 18 19 20 21
12 14 18 19 20 23 25 28 32 33
10 11 16 18 19 22 24 26 30 31
6 8 11 12 16 18 20 22 23 25
13 14 16 18 22 24 25 26 28 30
14 15 19 20 21 24 27 30 34 35
8 9 12 13 17 19 21 24 26 27
17 19 21 23 25 27 29 31 33 35
2 4 5 8 10 11 13 14 17 19
5 7 10 11 14 15 17 18 19 23
7
1 2 3 4 5 6 7
5 6 7 8 9 10 11
5 6 7 8 9 10 11
6 7 8 9 10 11 12
4 5 6 7 8 9 10
2 3 4 5 6 7 8
3 4 5 6 7 8 9
6 7 8 9 10 11 12
4 5 6 7 8 9 10
3 4 5 6 7 8 9
7 8 9 10 11 12 13
1 2 3 4 5 6 7
2 3 4 5 6 7 8
4
2 3 4 7
4 7 8 10
1 2 3 5
5 7 8 10
3 4 7 8
2 3 5 7
3 5 7 8
