100
6 9227864
6 1002201
5 110011
0 1
5 164007
6 1121021
4 00012
6 0200005
3 2021
4 11121
6 0003009
6 0000001
6 2102012
6 0000001
6 0700001
6 0000001
4 62001
2 601
6 2005001
4 55791
6 0000081
2 628
5 409401
6 1200001
6 0000003
3 1111
6 2297147
6 2276831
6 0900001
6 7200046
6 1211201
0 1
6 9999999
6 9065004
5 200001
0 1
6 2200201
6 8000001
5 609004
3 4101
1 71
2 065
6 0000001
6 0010001
6 1111111
6 2102122
6 1122211
6 5004251
6 3348305
6 2016201
5 112201
6 1208001
0 1
0 1
6 5004001
2 111
0 1
6 5121276
3 0001
3 2011
6 0000306
4 10201
6 2316493
6 0004601
6 0002001
4 68828
6 1507001
6 0000001
6 5000051
6 0014221
2 525
3 8116
6 1210112
3 9001
5 010012
4 11111
6 4000231
6 1000111
6 2070001
6 8578991
0 1
6 4184753
6 5759311
6 4002001
6 9570001
5 600001
6 8900201
6 0040201
6 6087495
3 5001
1 09
2 009
6 1001002
0 2
6 0007021
6 0000209
6 0700003
4 00007
3 0001
6 5018901
